2.890000104904174805e+00 2.890000104904174805e+00 2.890000104904174805e+00 2.890000104904174805e+00 2.890000104904174805e+00 2.890000104904174805e+00 2.464999914169311523e+00 2.464999914169311523e+00 2.464999914169311523e+00 2.464999914169311523e+00 2.464999914169311523e+00 2.464999914169311523e+00 2.890000104904174805e+00 2.890000104904174805e+00 2.890000104904174805e+00 2.890000104904174805e+00 2.890000104904174805e+00 2.890000104904174805e+00 2.464999914169311523e+00 2.464999914169311523e+00 2.464999914169311523e+00 2.464999914169311523e+00 2.464999914169311523e+00 2.464999914169311523e+00
2.890000104904174805e+00 2.890000104904174805e+00 2.890000104904174805e+00 2.890000104904174805e+00 2.890000104904174805e+00 2.890000104904174805e+00 2.464999914169311523e+00 2.464999914169311523e+00 2.464999914169311523e+00 2.464999914169311523e+00 2.464999914169311523e+00 2.464999914169311523e+00 2.890000104904174805e+00 2.890000104904174805e+00 2.890000104904174805e+00 2.890000104904174805e+00 2.890000104904174805e+00 2.890000104904174805e+00 2.464999914169311523e+00 2.464999914169311523e+00 2.464999914169311523e+00 2.464999914169311523e+00 2.464999914169311523e+00 2.464999914169311523e+00
2.890000104904174805e+00 2.890000104904174805e+00 2.890000104904174805e+00 2.890000104904174805e+00 2.890000104904174805e+00 2.890000104904174805e+00 2.464999914169311523e+00 2.464999914169311523e+00 2.464999914169311523e+00 2.464999914169311523e+00 2.464999914169311523e+00 2.464999914169311523e+00 2.890000104904174805e+00 2.890000104904174805e+00 2.890000104904174805e+00 2.890000104904174805e+00 2.890000104904174805e+00 2.890000104904174805e+00 2.464999914169311523e+00 2.464999914169311523e+00 2.464999914169311523e+00 2.464999914169311523e+00 2.464999914169311523e+00 2.464999914169311523e+00
2.890000104904174805e+00 2.890000104904174805e+00 2.890000104904174805e+00 2.890000104904174805e+00 2.890000104904174805e+00 2.890000104904174805e+00 2.464999914169311523e+00 2.464999914169311523e+00 2.464999914169311523e+00 2.464999914169311523e+00 2.464999914169311523e+00 2.464999914169311523e+00 2.890000104904174805e+00 2.890000104904174805e+00 2.890000104904174805e+00 2.890000104904174805e+00 2.890000104904174805e+00 2.890000104904174805e+00 2.464999914169311523e+00 2.464999914169311523e+00 2.464999914169311523e+00 2.464999914169311523e+00 2.464999914169311523e+00 2.464999914169311523e+00
2.890000104904174805e+00 2.890000104904174805e+00 2.890000104904174805e+00 2.890000104904174805e+00 2.890000104904174805e+00 2.890000104904174805e+00 2.464999914169311523e+00 2.464999914169311523e+00 2.464999914169311523e+00 2.464999914169311523e+00 2.464999914169311523e+00 2.464999914169311523e+00 2.890000104904174805e+00 2.890000104904174805e+00 2.890000104904174805e+00 2.890000104904174805e+00 2.890000104904174805e+00 2.890000104904174805e+00 2.464999914169311523e+00 2.464999914169311523e+00 2.464999914169311523e+00 2.464999914169311523e+00 2.464999914169311523e+00 2.464999914169311523e+00
2.890000104904174805e+00 2.890000104904174805e+00 2.890000104904174805e+00 2.890000104904174805e+00 2.890000104904174805e+00 2.890000104904174805e+00 2.464999914169311523e+00 2.464999914169311523e+00 2.464999914169311523e+00 2.464999914169311523e+00 2.464999914169311523e+00 2.464999914169311523e+00 2.890000104904174805e+00 2.890000104904174805e+00 2.890000104904174805e+00 2.890000104904174805e+00 2.890000104904174805e+00 2.890000104904174805e+00 2.464999914169311523e+00 2.464999914169311523e+00 2.464999914169311523e+00 2.464999914169311523e+00 2.464999914169311523e+00 2.464999914169311523e+00
2.464999914169311523e+00 2.464999914169311523e+00 2.464999914169311523e+00 2.464999914169311523e+00 2.464999914169311523e+00 2.464999914169311523e+00 2.039999961853027344e+00 2.039999961853027344e+00 2.039999961853027344e+00 2.039999961853027344e+00 2.039999961853027344e+00 2.039999961853027344e+00 2.464999914169311523e+00 2.464999914169311523e+00 2.464999914169311523e+00 2.464999914169311523e+00 2.464999914169311523e+00 2.464999914169311523e+00 2.039999961853027344e+00 2.039999961853027344e+00 2.039999961853027344e+00 2.039999961853027344e+00 2.039999961853027344e+00 2.039999961853027344e+00
2.464999914169311523e+00 2.464999914169311523e+00 2.464999914169311523e+00 2.464999914169311523e+00 2.464999914169311523e+00 2.464999914169311523e+00 2.039999961853027344e+00 2.039999961853027344e+00 2.039999961853027344e+00 2.039999961853027344e+00 2.039999961853027344e+00 2.039999961853027344e+00 2.464999914169311523e+00 2.464999914169311523e+00 2.464999914169311523e+00 2.464999914169311523e+00 2.464999914169311523e+00 2.464999914169311523e+00 2.039999961853027344e+00 2.039999961853027344e+00 2.039999961853027344e+00 2.039999961853027344e+00 2.039999961853027344e+00 2.039999961853027344e+00
2.464999914169311523e+00 2.464999914169311523e+00 2.464999914169311523e+00 2.464999914169311523e+00 2.464999914169311523e+00 2.464999914169311523e+00 2.039999961853027344e+00 2.039999961853027344e+00 2.039999961853027344e+00 2.039999961853027344e+00 2.039999961853027344e+00 2.039999961853027344e+00 2.464999914169311523e+00 2.464999914169311523e+00 2.464999914169311523e+00 2.464999914169311523e+00 2.464999914169311523e+00 2.464999914169311523e+00 2.039999961853027344e+00 2.039999961853027344e+00 2.039999961853027344e+00 2.039999961853027344e+00 2.039999961853027344e+00 2.039999961853027344e+00
2.464999914169311523e+00 2.464999914169311523e+00 2.464999914169311523e+00 2.464999914169311523e+00 2.464999914169311523e+00 2.464999914169311523e+00 2.039999961853027344e+00 2.039999961853027344e+00 2.039999961853027344e+00 2.039999961853027344e+00 2.039999961853027344e+00 2.039999961853027344e+00 2.464999914169311523e+00 2.464999914169311523e+00 2.464999914169311523e+00 2.464999914169311523e+00 2.464999914169311523e+00 2.464999914169311523e+00 2.039999961853027344e+00 2.039999961853027344e+00 2.039999961853027344e+00 2.039999961853027344e+00 2.039999961853027344e+00 2.039999961853027344e+00
2.464999914169311523e+00 2.464999914169311523e+00 2.464999914169311523e+00 2.464999914169311523e+00 2.464999914169311523e+00 2.464999914169311523e+00 2.039999961853027344e+00 2.039999961853027344e+00 2.039999961853027344e+00 2.039999961853027344e+00 2.039999961853027344e+00 2.039999961853027344e+00 2.464999914169311523e+00 2.464999914169311523e+00 2.464999914169311523e+00 2.464999914169311523e+00 2.464999914169311523e+00 2.464999914169311523e+00 2.039999961853027344e+00 2.039999961853027344e+00 2.039999961853027344e+00 2.039999961853027344e+00 2.039999961853027344e+00 2.039999961853027344e+00
2.464999914169311523e+00 2.464999914169311523e+00 2.464999914169311523e+00 2.464999914169311523e+00 2.464999914169311523e+00 2.464999914169311523e+00 2.039999961853027344e+00 2.039999961853027344e+00 2.039999961853027344e+00 2.039999961853027344e+00 2.039999961853027344e+00 2.039999961853027344e+00 2.464999914169311523e+00 2.464999914169311523e+00 2.464999914169311523e+00 2.464999914169311523e+00 2.464999914169311523e+00 2.464999914169311523e+00 2.039999961853027344e+00 2.039999961853027344e+00 2.039999961853027344e+00 2.039999961853027344e+00 2.039999961853027344e+00 2.039999961853027344e+00
2.890000104904174805e+00 2.890000104904174805e+00 2.890000104904174805e+00 2.890000104904174805e+00 2.890000104904174805e+00 2.890000104904174805e+00 2.464999914169311523e+00 2.464999914169311523e+00 2.464999914169311523e+00 2.464999914169311523e+00 2.464999914169311523e+00 2.464999914169311523e+00 2.890000104904174805e+00 2.890000104904174805e+00 2.890000104904174805e+00 2.890000104904174805e+00 2.890000104904174805e+00 2.890000104904174805e+00 2.464999914169311523e+00 2.464999914169311523e+00 2.464999914169311523e+00 2.464999914169311523e+00 2.464999914169311523e+00 2.464999914169311523e+00
2.890000104904174805e+00 2.890000104904174805e+00 2.890000104904174805e+00 2.890000104904174805e+00 2.890000104904174805e+00 2.890000104904174805e+00 2.464999914169311523e+00 2.464999914169311523e+00 2.464999914169311523e+00 2.464999914169311523e+00 2.464999914169311523e+00 2.464999914169311523e+00 2.890000104904174805e+00 2.890000104904174805e+00 2.890000104904174805e+00 2.890000104904174805e+00 2.890000104904174805e+00 2.890000104904174805e+00 2.464999914169311523e+00 2.464999914169311523e+00 2.464999914169311523e+00 2.464999914169311523e+00 2.464999914169311523e+00 2.464999914169311523e+00
2.890000104904174805e+00 2.890000104904174805e+00 2.890000104904174805e+00 2.890000104904174805e+00 2.890000104904174805e+00 2.890000104904174805e+00 2.464999914169311523e+00 2.464999914169311523e+00 2.464999914169311523e+00 2.464999914169311523e+00 2.464999914169311523e+00 2.464999914169311523e+00 2.890000104904174805e+00 2.890000104904174805e+00 2.890000104904174805e+00 2.890000104904174805e+00 2.890000104904174805e+00 2.890000104904174805e+00 2.464999914169311523e+00 2.464999914169311523e+00 2.464999914169311523e+00 2.464999914169311523e+00 2.464999914169311523e+00 2.464999914169311523e+00
2.890000104904174805e+00 2.890000104904174805e+00 2.890000104904174805e+00 2.890000104904174805e+00 2.890000104904174805e+00 2.890000104904174805e+00 2.464999914169311523e+00 2.464999914169311523e+00 2.464999914169311523e+00 2.464999914169311523e+00 2.464999914169311523e+00 2.464999914169311523e+00 2.890000104904174805e+00 2.890000104904174805e+00 2.890000104904174805e+00 2.890000104904174805e+00 2.890000104904174805e+00 2.890000104904174805e+00 2.464999914169311523e+00 2.464999914169311523e+00 2.464999914169311523e+00 2.464999914169311523e+00 2.464999914169311523e+00 2.464999914169311523e+00
2.890000104904174805e+00 2.890000104904174805e+00 2.890000104904174805e+00 2.890000104904174805e+00 2.890000104904174805e+00 2.890000104904174805e+00 2.464999914169311523e+00 2.464999914169311523e+00 2.464999914169311523e+00 2.464999914169311523e+00 2.464999914169311523e+00 2.464999914169311523e+00 2.890000104904174805e+00 2.890000104904174805e+00 2.890000104904174805e+00 2.890000104904174805e+00 2.890000104904174805e+00 2.890000104904174805e+00 2.464999914169311523e+00 2.464999914169311523e+00 2.464999914169311523e+00 2.464999914169311523e+00 2.464999914169311523e+00 2.464999914169311523e+00
2.890000104904174805e+00 2.890000104904174805e+00 2.890000104904174805e+00 2.890000104904174805e+00 2.890000104904174805e+00 2.890000104904174805e+00 2.464999914169311523e+00 2.464999914169311523e+00 2.464999914169311523e+00 2.464999914169311523e+00 2.464999914169311523e+00 2.464999914169311523e+00 2.890000104904174805e+00 2.890000104904174805e+00 2.890000104904174805e+00 2.890000104904174805e+00 2.890000104904174805e+00 2.890000104904174805e+00 2.464999914169311523e+00 2.464999914169311523e+00 2.464999914169311523e+00 2.464999914169311523e+00 2.464999914169311523e+00 2.464999914169311523e+00
2.464999914169311523e+00 2.464999914169311523e+00 2.464999914169311523e+00 2.464999914169311523e+00 2.464999914169311523e+00 2.464999914169311523e+00 2.039999961853027344e+00 2.039999961853027344e+00 2.039999961853027344e+00 2.039999961853027344e+00 2.039999961853027344e+00 2.039999961853027344e+00 2.464999914169311523e+00 2.464999914169311523e+00 2.464999914169311523e+00 2.464999914169311523e+00 2.464999914169311523e+00 2.464999914169311523e+00 2.039999961853027344e+00 2.039999961853027344e+00 2.039999961853027344e+00 2.039999961853027344e+00 2.039999961853027344e+00 2.039999961853027344e+00
2.464999914169311523e+00 2.464999914169311523e+00 2.464999914169311523e+00 2.464999914169311523e+00 2.464999914169311523e+00 2.464999914169311523e+00 2.039999961853027344e+00 2.039999961853027344e+00 2.039999961853027344e+00 2.039999961853027344e+00 2.039999961853027344e+00 2.039999961853027344e+00 2.464999914169311523e+00 2.464999914169311523e+00 2.464999914169311523e+00 2.464999914169311523e+00 2.464999914169311523e+00 2.464999914169311523e+00 2.039999961853027344e+00 2.039999961853027344e+00 2.039999961853027344e+00 2.039999961853027344e+00 2.039999961853027344e+00 2.039999961853027344e+00
2.464999914169311523e+00 2.464999914169311523e+00 2.464999914169311523e+00 2.464999914169311523e+00 2.464999914169311523e+00 2.464999914169311523e+00 2.039999961853027344e+00 2.039999961853027344e+00 2.039999961853027344e+00 2.039999961853027344e+00 2.039999961853027344e+00 2.039999961853027344e+00 2.464999914169311523e+00 2.464999914169311523e+00 2.464999914169311523e+00 2.464999914169311523e+00 2.464999914169311523e+00 2.464999914169311523e+00 2.039999961853027344e+00 2.039999961853027344e+00 2.039999961853027344e+00 2.039999961853027344e+00 2.039999961853027344e+00 2.039999961853027344e+00
2.464999914169311523e+00 2.464999914169311523e+00 2.464999914169311523e+00 2.464999914169311523e+00 2.464999914169311523e+00 2.464999914169311523e+00 2.039999961853027344e+00 2.039999961853027344e+00 2.039999961853027344e+00 2.039999961853027344e+00 2.039999961853027344e+00 2.039999961853027344e+00 2.464999914169311523e+00 2.464999914169311523e+00 2.464999914169311523e+00 2.464999914169311523e+00 2.464999914169311523e+00 2.464999914169311523e+00 2.039999961853027344e+00 2.039999961853027344e+00 2.039999961853027344e+00 2.039999961853027344e+00 2.039999961853027344e+00 2.039999961853027344e+00
2.464999914169311523e+00 2.464999914169311523e+00 2.464999914169311523e+00 2.464999914169311523e+00 2.464999914169311523e+00 2.464999914169311523e+00 2.039999961853027344e+00 2.039999961853027344e+00 2.039999961853027344e+00 2.039999961853027344e+00 2.039999961853027344e+00 2.039999961853027344e+00 2.464999914169311523e+00 2.464999914169311523e+00 2.464999914169311523e+00 2.464999914169311523e+00 2.464999914169311523e+00 2.464999914169311523e+00 2.039999961853027344e+00 2.039999961853027344e+00 2.039999961853027344e+00 2.039999961853027344e+00 2.039999961853027344e+00 2.039999961853027344e+00
2.464999914169311523e+00 2.464999914169311523e+00 2.464999914169311523e+00 2.464999914169311523e+00 2.464999914169311523e+00 2.464999914169311523e+00 2.039999961853027344e+00 2.039999961853027344e+00 2.039999961853027344e+00 2.039999961853027344e+00 2.039999961853027344e+00 2.039999961853027344e+00 2.464999914169311523e+00 2.464999914169311523e+00 2.464999914169311523e+00 2.464999914169311523e+00 2.464999914169311523e+00 2.464999914169311523e+00 2.039999961853027344e+00 2.039999961853027344e+00 2.039999961853027344e+00 2.039999961853027344e+00 2.039999961853027344e+00 2.039999961853027344e+00
